137178577
487178567
622178557
217178506
925178365
622178334
622178324
528178243
217178163
529175264
137175163
365174971
365174880
487174870
830174243
925193173
217192860
925192849
529192839
925192819
137190839
137190567
365192809
217186718
528190557
217186688
622190546
622186678
747186668
747186425
622186415
830186284
365178193
217178153
365186223
622186213
365190506
622178082
487178072
925186203
925174233
925186193
528174183
487190819
528178052
529186092
137193132
487182072
529181122
529189829
528186072
528181062
925180678
529192789
830185910
747190769
528185173
622192779
529189819
830189809
830192728
217180324
528189769
528192718